x = [338.918	-79.34
339.3	-79.34
339.683	-79.34
340.065	-89.05
340.447	-96.33
340.829	-96.33
341.211	-76.91
341.593	-89.05
341.974	-91.48
342.356	-52.64
342.738	-23.51
343.12	-91.48
343.501	29.89
343.883	-16.23
344.265	-16.23
344.646	8.04
345.028	124.55
345.409	25.03
345.791	100.27
346.172	139.11
346.553	126.97
346.934	180.37
347.316	139.11
347.697	245.91
348.078	236.2
348.459	233.77
348.84	309.02
349.221	265.33
349.602	260.47
349.983	231.34
350.364	287.17
350.745	248.34
351.126	275.03
351.506	340.57
351.887	345.42
352.268	376.98
352.648	338.14
353.029	347.85
353.409	384.26
353.79	289.6
354.17	335.72
354.551	326.01
354.931	316.3
355.311	347.85
355.691	350.28
356.072	372.12
356.452	376.98
356.832	333.29
357.212	432.8
357.592	398.82
357.972	406.1
358.352	447.37
358.732	338.14
359.112	362.41
359.491	393.97
359.871	355.13
360.251	350.28
360.631	296.88
361.01	338.14
361.39	362.41
361.769	313.87
362.149	301.73
362.528	284.74
362.908	330.86
363.287	304.16
363.666	304.16
364.045	393.97
364.425	347.85
364.804	272.61
365.183	352.71
365.562	279.89
365.941	367.27
366.32	296.88
366.699	296.88
367.078	328.43
367.457	316.3
367.836	355.13
368.214	245.91
368.593	265.33
368.972	340.57
369.35	391.54
369.729	352.71
370.107	406.1
370.486	260.47
370.864	350.28
371.243	323.58
371.621	362.41
372	350.28
372.378	287.17
372.756	287.17
373.134	372.12
373.512	347.85
373.89	379.41
374.268	357.56
374.646	328.43
375.024	323.58
375.402	330.86
375.78	301.73
376.158	330.86
376.536	384.26
376.913	309.02
377.291	287.17
377.669	369.7
378.046	340.57
378.424	367.27
378.801	345.42
379.179	304.16
379.556	355.13
379.934	277.46
380.311	301.73
380.688	357.56
381.065	309.02
381.443	304.16
381.82	313.87
382.197	296.88
382.574	296.88
382.951	359.99
383.328	352.71
383.705	318.72
384.082	279.89
384.458	313.87
384.835	355.13
385.212	376.98
385.589	296.88
385.965	364.84
386.342	357.56
386.718	284.74
387.095	335.72
387.471	343
387.848	333.29
388.224	359.99
388.6	352.71
388.977	294.45
389.353	410.96
389.729	352.71
390.105	335.72
390.481	343
390.857	270.18
391.233	391.54
391.609	367.27
391.985	343
392.361	367.27
392.737	398.82
393.113	391.54
393.489	350.28
393.864	318.72
394.24	359.99
394.615	330.86
394.991	357.56
395.367	340.57
395.742	296.88
396.117	340.57
396.493	403.68
396.868	350.28
397.243	292.03
397.619	284.74
397.994	301.73
398.369	270.18
398.744	418.24
399.119	238.63
399.494	309.02
399.869	287.17
400.244	316.3
400.619	423.1
400.994	367.27
401.368	379.41
401.743	386.69
402.118	406.1
402.492	313.87
402.867	292.03
403.242	369.7
403.616	359.99
403.991	413.39
404.365	444.94
404.739	364.84
405.114	364.84
405.488	340.57
405.862	270.18
406.236	272.61
406.61	338.14
406.985	294.45
407.359	355.13
407.733	350.28
408.107	316.3
408.48	340.57
408.854	343
409.228	294.45
409.602	384.26
409.976	323.58
410.349	359.99
410.723	391.54
411.096	367.27
411.47	289.6
411.844	333.29
412.217	326.01
412.59	367.27
412.964	306.59
413.337	389.11
413.71	357.56
414.084	313.87
414.457	374.55
414.83	357.56
415.203	423.1
415.576	355.13
415.949	338.14
416.322	270.18
416.695	335.72
417.068	401.25
417.44	376.98
417.813	452.22
418.186	379.41
418.559	372.12
418.931	318.72
419.304	345.42
419.676	318.72
420.049	272.61
420.421	352.71
420.794	330.86
421.166	376.98
421.538	316.3
421.911	330.86
422.283	347.85
422.655	296.88
423.027	369.7
423.399	386.69
423.771	389.11
424.143	398.82
424.515	401.25
424.887	292.03
425.259	393.97
425.631	350.28
426.002	359.99
426.374	391.54
426.746	384.26
427.117	362.41
427.489	364.84
427.86	384.26
428.232	386.69
428.603	347.85
428.975	406.1
429.346	299.31
429.717	347.85
430.089	311.44
430.46	282.32
430.831	359.99
431.202	321.15
431.573	408.53
431.944	413.39
432.315	311.44
432.686	384.26
433.057	359.99
433.428	345.42
433.798	391.54
434.169	379.41
434.54	396.4
434.911	355.13
435.281	362.41
435.652	415.81
436.022	359.99
436.393	423.1
436.763	352.71
437.133	459.5
437.504	350.28
437.874	369.7
438.244	406.1
438.614	367.27
438.985	338.14
439.355	379.41
439.725	330.86
440.095	326.01
440.465	398.82
440.835	364.84
441.204	355.13
441.574	335.72
441.944	367.27
442.314	321.15
442.683	333.29
443.053	386.69
443.423	362.41
443.792	321.15
444.162	393.97
444.531	289.6
444.9	345.42
445.27	352.71
445.639	316.3
446.008	323.58
446.378	306.59
446.747	338.14
447.116	454.65
447.485	386.69
447.854	309.02
448.223	333.29
448.592	437.66
448.961	364.84
449.33	330.86
449.698	335.72
450.067	410.96
450.436	355.13
450.804	367.27
451.173	398.82
451.542	391.54
451.91	401.25
452.279	391.54
452.647	403.68
453.015	384.26
453.384	328.43
453.752	410.96
454.12	299.31
454.488	406.1
454.857	420.67
455.225	316.3
455.593	401.25
455.961	408.53
456.329	413.39
456.697	357.56
457.064	352.71
457.432	381.83
457.8	345.42
458.168	347.85
458.535	374.55
458.903	275.03
459.271	352.71
459.638	309.02
460.006	316.3
460.373	401.25
460.74	367.27
461.108	425.52
461.475	345.42
461.842	357.56
462.21	391.54
462.577	379.41
462.944	379.41
463.311	401.25
463.678	384.26
464.045	362.41
464.412	398.82
464.779	403.68
465.146	362.41
465.512	309.02
465.879	343
466.246	432.8
466.612	309.02
466.979	386.69
467.346	393.97
467.712	420.67
468.079	396.4
468.445	408.53
468.811	282.32
469.178	372.12
469.544	376.98
469.91	321.15
470.276	364.84
470.642	364.84
471.009	338.14
471.375	418.24
471.741	335.72
472.107	343
472.472	401.25
472.838	369.7
473.204	350.28
473.57	406.1
473.936	435.23
474.301	415.81
474.667	418.24
475.032	442.51
475.398	359.99
475.763	393.97
476.129	369.7
476.494	326.01
476.86	410.96
477.225	413.39
477.59	406.1
477.955	398.82
478.32	309.02
478.686	420.67
479.051	454.65
479.416	374.55
479.781	369.7
480.145	326.01
480.51	284.74
480.875	335.72
481.24	401.25
481.605	306.59
481.969	425.52
482.334	318.72
482.699	406.1
483.063	420.67
483.428	328.43
483.792	355.13
484.156	403.68
484.521	374.55
484.885	357.56
485.249	306.59
485.614	381.83
485.978	410.96
486.342	362.41
486.706	335.72
487.07	347.85
487.434	323.58
487.798	391.54
488.162	401.25
488.525	289.6
488.889	403.68
489.253	347.85
489.617	328.43
489.98	372.12
490.344	500.77
490.707	313.87
491.071	374.55
491.434	408.53
491.798	372.12
492.161	396.4
492.525	372.12
492.888	323.58
493.251	369.7
493.614	406.1
493.977	335.72
494.34	386.69
494.703	396.4
495.066	374.55
495.429	350.28
495.792	367.27
496.155	355.13
496.518	335.72
496.881	347.85
497.243	393.97
497.606	418.24
497.969	435.23
498.331	372.12
498.694	393.97
499.056	328.43
499.418	335.72
499.781	359.99
500.143	410.96
500.505	410.96
500.868	418.24
501.23	367.27
501.592	403.68
501.954	367.27
502.316	415.81
502.678	369.7
503.04	408.53
503.402	338.14
503.764	408.53
504.126	398.82
504.487	393.97
504.849	486.2
505.211	418.24
505.572	345.42
505.934	379.41
506.295	318.72
506.657	335.72
507.018	398.82
507.38	328.43
507.741	326.01
508.102	393.97
508.463	444.94
508.825	389.11
509.186	384.26
509.547	406.1
509.908	386.69
510.269	389.11
510.63	355.13
510.991	396.4
511.352	359.99
511.712	350.28
512.073	389.11
512.434	440.09
512.795	369.7
513.155	398.82
513.516	398.82
513.876	418.24
514.237	376.98
514.597	398.82
514.957	457.08
515.318	389.11
515.678	398.82
516.038	335.72
516.398	389.11
516.759	335.72
517.119	398.82
517.479	418.24
517.839	367.27
518.199	423.1
518.559	410.96
518.918	359.99
519.278	369.7
519.638	403.68
519.998	425.52
520.357	362.41
520.717	330.86
521.077	427.95
521.436	469.21
521.796	311.44
522.155	338.14
522.514	340.57
522.874	359.99
523.233	376.98
523.592	408.53
523.951	364.84
524.31	389.11
524.67	355.13
525.029	403.68
525.388	408.53
525.747	391.54
526.105	413.39
526.464	440.09
526.823	347.85
527.182	432.8
527.541	347.85
527.899	357.56
528.258	381.83
528.616	413.39
528.975	347.85
529.333	369.7
529.692	437.66
530.05	357.56
530.408	313.87
530.767	321.15
531.125	427.95
531.483	330.86
531.841	384.26
532.199	338.14
532.557	306.59
532.915	330.86
533.273	389.11
533.631	289.6
533.989	359.99
534.347	362.41
534.705	326.01
535.062	321.15
535.42	384.26
535.777	350.28
536.135	357.56
536.493	391.54
536.85	350.28
537.207	362.41
537.565	423.1
537.922	350.28
538.279	410.96
538.637	369.7
