A =[1     2
     1     2
     1     2]
 A(:,1)=0;
 B=A